100
2 3 2
1 1 1
2 1 2
3 2 3
1 14 1
10 14 10
6 1 6
2 34 2
10 7 10
40 2 40
94 6 94
36 3 36
4 4 4
12 11 12
70 4 70
21 4 21
57 6 57
58 5 58
2 4 2
2 23 2
24 1 24
1 95 1
70 6 70
43 9 43
32 3 32
5 1 5
61 7 61
97 1 97
9 14 9
3 37 3
34 9 34
84 9 84
84 1 84
3 18 3
23 8 23
10 5 10
2 2 2
91 5 91
80 9 80
3 3 3
55 6 55
52 6 52
61 1 61
4 29 4
64 3 64
15 10 15
3 4 3
34 11 34
100 9 100
4 2 4
6 21 6
1 2 1
1 9 1
2 17 2
2 59 2
88 9 88
86 4 86
1 4 1
69 4 69
3 1 3
62 6 62
55 7 55
79 5 79
80 8 80
10 18 10
1 11 1
100 3 100
32 7 32
85 1 85
3 26 3
7 13 7
78 5 78
1 100 1
1 57 1
73 1 73
1 77 1
43 7 43
65 2 65
4 1 4
1 31 1
44 2 44
68 4 68
22 5 22
26 7 26
14 7 14
4 3 4
25 12 25
95 2 95
9 1 9
73 5 73
29 12 29
4 5 4
1 3 1
6 23 6
100 1 100
91 9 91
100 4 100
4 12 4
99 1 99
100 2 100
